25

9 7
3 8 9 9 7 6 2

9 8
2 2 3 2 8 9 8 8

8 9
8 8 7 5 3 5 3 2 1

7 10
3 3 1 6 1 5 3 6 6 4

7 8
1 5 2 2 6 4 2 2

99 94
40 91 74 13 13 88 49 18 67 31 76 54 84 47 2 86 91 42 90 87 31 16 95 25 21 71 76 19 79 22 27 27 80 65 81 4 79 2 83 55 85 35 9 44 92 82 67 54 7 87 30 8 20 16 52 11 66 92 70 17 53 88 49 18 86 36 67 66 26 19 11 78 20 24 46 24 33 33 44 18 69 57 7 22 17 2 31 37 44 60 21 39 50 10

98 93
97 30 98 37 86 10 43 2 44 60 91 63 77 14 61 14 39 42 59 62 95 16 19 5 80 66 27 51 54 77 25 70 71 54 36 8 62 73 30 66 50 63 39 69 81 40 5 78 29 74 27 24 9 69 71 52 47 9 33 66 42 18 12 59 38 40 35 25 48 19 32 5 42 5 52 49 21 37 38 29 32 23 35 39 25 1 23 28 30 17 18 17 25

98 92
28 82 86 6 93 34 80 59 49 81 6 25 70 66 13 88 80 13 69 2 93 48 38 65 77 62 85 45 71 59 51 45 16 45 61 79 96 97 2 37 83 95 30 82 41 42 20 36 70 47 50 17 22 25 63 74 25 82 33 14 45 78 29 19 75 67 43 41 69 6 22 69 49 9 53 17 48 10 24 60 2 1 5 23 26 23 29 49 34 50 19 3

91 99
82 33 54 28 51 74 84 68 2 24 17 10 7 72 6 5 15 4 91 59 26 66 4 37 46 61 37 58 21 51 54 31 81 32 72 69 65 65 10 36 33 70 86 9 26 38 52 35 91 84 66 62 84 47 51 13 15 52 8 55 5 75 58 41 4 85 86 85 53 63 65 22 59 61 12 14 44 26 41 39 72 48 70 47 10 61 65 45 65 63 7 19 26 53 55 19 51 28 43

99 99
91 54 83 52 89 94 97 73 58 30 1 51 42 4 76 9 3 79 5 97 42 53 90 58 75 26 72 57 86 25 23 51 88 41 44 42 74 72 28 90 96 65 69 67 74 76 29 86 8 44 30 50 44 44 51 98 26 3 92 9 59 62 64 71 45 43 16 5 86 94 92 39 64 19 27 58 40 50 51 84 69 66 74 70 33 64 21 7 75 10 61 17 72 18 11 62 36 38 26

91 92
19 20 90 16 57 71 87 27 61 43 83 43 19 72 42 67 85 63 83 37 76 7 73 84 10 59 5 69 77 82 50 24 58 17 90 14 24 10 57 21 48 87 29 8 29 21 69 84 18 11 34 34 83 27 88 18 72 46 39 17 21 32 42 85 63 76 66 43 13 60 46 27 28 40 3 66 86 57 15 83 79 74 55 59 79 14 15 30 69 73 31 57

99 97
93 74 77 8 11 19 24 39 90 30 29 83 7 6 3 55 24 65 76 65 6 98 69 2 92 5 85 16 66 40 66 75 65 91 49 17 84 14 18 9 13 69 85 41 25 1 49 80 93 72 1 61 41 59 99 61 68 67 95 59 3 87 11 80 36 88 26 43 46 12 16 71 12 16 79 33 73 3 36 4 35 55 60 47 31 53 50 6 45 6 57 57 61 7 55 59 21

99 97
87 8 4 16 40 63 34 75 59 98 91 29 84 93 24 89 16 17 80 25 62 72 39 46 55 59 47 72 89 5 27 69 21 34 40 77 61 17 6 60 18 79 50 80 40 72 24 50 4 34 2 41 25 34 47 7 38 50 26 50 48 37 51 43 59 44 55 57 36 15 24 52 18 34 21 11 32 25 22 16 7 15 28 18 3 26 13 15 10 29 33 4 6 18 14 14 27

93 91
33 15 59 1 93 26 62 76 90 33 85 38 52 80 31 67 80 4 1 57 92 71 83 88 82 37 35 33 28 84 19 66 13 88 40 75 26 16 15 88 60 86 68 3 78 40 69 75 70 50 19 4 19 43 32 52 7 44 64 32 24 27 37 55 5 58 49 18 27 25 57 41 55 55 15 16 22 11 5 29 12 46 30 31 27 37 5 31 24 12 37

93 95
4 65 60 80 44 69 15 17 17 35 22 7 49 66 49 51 38 39 45 7 82 76 82 92 21 16 12 64 14 23 82 7 76 20 18 3 57 13 22 28 46 15 81 11 73 13 91 77 76 43 18 81 23 32 56 64 36 78 54 43 91 41 73 14 1 7 5 67 37 13 80 87 23 77 22 47 15 78 79 47 49 51 13 38 33 77 75 86 29 90 89 88 87 11 86

999 990
552 471 141 347 695 351 594 848 304 860 728 802 423 535 884 710 581 739 513 444 95 384 826 484 417 755 94 893 4 702 236 609 18 157 639 628 620 133 938 80 315 601 560 622 779 163 584 988 459 888 957 61 118 453 874 933 7 259 795 125 790 792 296 796 170 881 724 280 548 990 45 852 668 258 379 563 479 321 657 493 733 501 649 260 354 112 873 813 725 104 326 998 317 425 38 704 422 818 608 971 8 793 402 333 101 793 464 939 231 846 521 984 478 125 336 229 582 700 399 159 182 235 740 874 939 748 832 875 642 896 61 849 848 708 105 455 983 281 903 178 527 732 913 180 621 128 501 229 166 428 114 595 992 428 380 703 719 281 606 418 411 741 730 21 655 367 927 930 213 67 361 85 857 580 886 643 582 779 365 313 221 699 314 345 309 639 692 835 281 898 191 597 572 304 645 378 102 855 247 166 851 954 859 574 441 181 718 634 85 191 38 568 767 279 416 854 839 620 60 456 862 899 795 399 468 3 717 163 536 748 643 703 148 850 32 441 168 630 720 167 360 603 420 621 285 917 944 674 653 421 479 476 280 644 468 896 896 447 162 680 892 679 499 97 588 455 493 234 553 488 361 735 78 233 785 416 304 174 454 291 527 129 350 787 96 859 277 507 703 167 238 880 749 699 107 473 815 86 183 759 263 58 733 643 112 225 654 860 169 773 513 721 464 284 165 148 543 805 686 759 535 12 515 867 415 519 760 357 138 21 440 750 545 625 278 462 55 43 61 202 331 758 67 709 704 189 601 734 378 697 148 31 491 384 26 419 557 56 66 280 491 420 315 110 40 812 309 230 202 419 9 221 70 149 716 710 302 506 95 78 358 168 573 671 585 99 246 448 348 334 328 450 64 616 454 640 495 361 514 597 227 416 682 615 724 312 165 431 340 744 781 189 130 200 341 486 679 235 146 466 302 152 291 283 249 476 353 331 583 635 617 22 668 179 39 142 260 451 405 458 201 316 126 272 367 335 433 45 158 209 525 661 415 707 450 189 647 434 257 253 504 61 39 594 127 654 140 295 35 144 435 320 40 66 716 676 563 366 227 13 435 522 278 265 130 559 70 142 286 603 174 630 350 29 681 671 236 566 428 145 481 567 635 68 218 193 145 199 431 455 423 516 551 500 348 433 428 9 331 452 113 287 618 328 491 450 45 102 140 442 66 308 218 534 491 145 142 589 386 130 575 477 580 600 191 451 444 499 254 599 486 523 94 94 378 561 215 616 83 214 236 368 537 549 131 544 46 275 327 2 236 8 570 329 153 395 345 99 137 86 225 281 58 423 235 553 61 417 339 403 479 204 518 118 141 491 126 347 161 514 445 442 30 425 330 546 494 168 484 46 99 364 297 398 26 244 118 521 108 564 246 234 70 241 328 120 133 112 288 235 52 89 435 405 382 192 166 11 277 80 147 22 139 229 280 33 411 534 74 63 127 7 411 42 522 106 87 63 325 449 110 120 296 140 19 287 192 482 438 238 173 9 449 75 400 243 321 254 145 336 367 265 253 392 468 243 379 382 291 63 244 75 233 68 81 126 434 362 109 472 122 194 11 135 450 465 312 137 429 411 225 416 360 446 415 342 278 3 134 287 108 264 185 120 41 422 464 268 325 298 327 25 383 152 74 34 286 277 387 332 281 26 207 381 266 87 300 5 203 72 342 410 249 376 166 375 73 218 101 196 367 108 279 253 198 111 30 375 166 376 1 204 402 336 120 47 272 86 31 19 281 254 122 91 80 42 253 82 19 235 385 216 244 143 396 321 259 2 227 49 280 186 288 10 139 270 52 349 374 381 28 134 260 145 231 267 76 104 61 160 9 59 351 141 178 291 309 109 295 48 285 22 57 182 276 48 260 27 340 141 48 147 220 324 200 114 27 240 284 118 332 306 207 91 72 198 239 300 300 164 191 32 221 185 20 164 140 263 86 73 225 224 107 99 262 257 91 131 115 215 294 135 233 85 38 90 58 167 106 118 76 182 149 48 238 190 203 282 290 275 150 57 136 101 102 117 201 110 216 195 246 53 184 132 103 100 37 198 21 155 166 6 104 139 55 111 130 227 214 251 112 111 189 68 253 205 108 53 36 104 104 39 3 89 4 74 204 157 178 196 113 54 90 149 18 7 214 197 151 156 35 189 222 22 201 127 87 121 205 36 79 159 166 36 85 139 133 127 190 169 79 158 185 37 120 57 17 111 131 93

996 993
45 489 83 292 569 796 995 420 283 829 930 984 523 582 125 908 136 656 514 200 486 358 119 195 663 985 849 472 819 209 386 745 237 381 74 651 313 19 498 527 120 335 934 726 719 724 64 827 572 686 110 769 331 772 83 935 659 606 110 344 832 444 943 624 247 366 253 506 549 133 110 704 248 508 45 895 373 661 534 236 791 824 395 637 285 628 364 389 856 967 734 793 162 336 1 92 742 711 336 352 326 537 542 245 866 74 174 61 475 982 387 525 223 911 409 561 146 693 325 848 558 284 285 237 673 735 284 196 654 255 945 791 910 616 306 977 120 367 16 325 670 451 850 539 938 221 174 981 383 842 219 870 695 446 418 265 86 926 357 566 437 293 431 755 86 727 411 187 829 654 24 923 121 481 288 898 195 471 730 28 665 553 366 510 186 417 414 111 822 255 944 680 236 548 384 944 222 163 892 413 758 792 551 202 572 783 774 75 21 498 687 768 920 681 316 343 594 624 221 53 199 605 869 158 698 715 674 252 393 47 532 878 462 888 88 494 35 817 435 633 78 801 844 43 482 145 705 326 864 349 271 368 497 881 287 538 409 762 440 392 749 558 419 605 344 376 786 401 563 267 870 644 423 575 182 501 534 747 322 308 682 173 173 379 35 683 155 383 685 817 386 76 473 564 603 134 428 36 841 480 755 492 796 405 483 231 432 216 590 409 451 1 612 816 467 586 348 110 386 245 139 158 686 142 500 79 687 430 602 12 14 663 55 368 237 211 202 734 639 574 113 169 747 794 126 621 339 301 64 736 535 157 50 270 508 656 524 570 574 216 333 257 38 435 649 292 277 470 516 259 140 73 538 317 191 696 743 394 597 203 489 555 144 626 637 491 313 503 531 310 512 556 30 720 58 470 322 328 152 578 651 423 736 339 696 43 266 167 27 344 174 506 178 675 230 639 695 484 135 301 668 156 280 108 560 244 159 308 370 404 395 148 534 361 285 244 351 479 100 58 513 135 514 492 172 466 503 389 161 373 234 325 136 267 665 75 119 115 627 588 389 678 452 499 41 303 594 138 664 508 410 309 73 179 74 493 165 252 609 464 33 129 324 180 223 647 496 310 476 191 550 356 376 96 627 427 424 428 28 226 218 174 334 186 634 45 359 311 73 606 413 622 301 368 265 390 179 531 218 18 471 543 519 400 444 248 594 53 526 85 467 135 248 6 14 193 358 549 349 121 56 45 178 183 401 290 44 305 577 15 23 49 486 54 163 348 125 212 369 149 474 149 577 186 492 510 303 390 463 67 509 130 430 82 88 278 438 528 499 529 496 466 100 325 277 511 273 74 350 222 345 456 246 235 38 51 243 74 44 308 424 214 454 37 448 121 477 341 50 501 172 401 389 81 131 487 439 249 176 48 147 276 354 264 175 5 414 442 477 398 456 288 236 238 266 98 47 480 210 36 183 182 214 420 186 233 482 239 74 336 280 119 171 19 259 375 359 229 315 248 51 401 339 420 118 72 405 152 272 289 460 146 2 159 424 151 145 384 453 389 138 445 307 134 420 57 8 445 116 90 168 349 42 180 424 444 330 180 285 112 131 153 377 215 106 434 280 321 180 297 127 3 363 398 377 196 69 155 151 308 203 334 5 200 115 230 23 4 74 331 163 66 4 201 55 200 110 225 178 101 126 361 32 135 206 308 279 117 85 178 317 78 185 100 293 340 124 139 69 219 311 128 377 234 51 93 279 103 180 88 122 139 119 279 191 9 120 234 174 64 295 267 108 4 231 225 138 89 279 323 58 84 240 262 173 344 27 194 150 182 325 7 192 229 132 79 17 84 214 201 131 306 256 287 107 51 299 304 317 268 162 293 247 85 143 119 241 273 57 158 300 117 76 61 138 144 61 113 227 37 236 151 260 246 199 94 168 196 36 273 239 106 107 15 70 147 141 14 19 172 189 21 81 161 85 185 79 220 167 103 68 116 52 34 180 132 136 11 16 33 90 128 150 186 231 30 122 65 137 99 151 248 111 150 206 7 27 234 172 236 159 143 161 91 135 108 82 122 174 139 183 66 101 217 187 202 218 196 144 45 160 65 142 109 199 12 91 127 60 209 121 184 152 68 156 169 183 95 132 156 64 194 189 24 50 16 90 15 35 41 153 167 57 86 124 74 11 31 118 64 116 123 28 155 23 172 134 165 6 79 29 118 100 55 73 5 163 73 92 31 103 158 143 61 72 9 117 9 99 98 85 37 2

989 972
105 579 175 630 860 790 92 670 64 416 384 170 862 715 793 599 721 216 588 828 838 417 689 945 575 920 665 96 193 126 747 459 578 393 665 33 197 709 662 141 12 568 920 418 602 830 45 382 273 657 608 842 41 70 122 339 654 821 901 372 359 490 782 236 797 381 716 762 788 879 176 901 781 719 524 496 310 29 95 736 109 761 702 192 653 388 793 697 177 412 237 112 102 350 492 859 51 430 718 354 471 707 788 92 347 455 462 800 322 740 895 133 278 358 49 987 770 879 546 525 364 777 314 122 524 591 982 868 127 306 93 394 443 346 818 23 13 552 797 528 676 768 177 582 148 953 398 506 11 976 310 937 107 522 366 323 379 398 158 495 827 843 89 426 828 156 278 725 150 700 508 756 948 551 68 630 335 401 894 397 171 677 390 18 55 327 455 412 263 134 702 347 143 39 678 530 680 393 983 19 910 761 882 871 111 45 893 350 956 815 862 478 50 225 358 198 485 143 249 791 267 600 451 898 538 381 169 524 107 446 338 392 857 58 955 136 683 667 574 219 559 138 439 126 329 227 601 589 701 349 32 130 495 430 416 43 414 613 351 453 565 388 299 736 472 626 133 227 721 586 115 134 974 122 890 195 541 597 872 835 355 318 456 201 202 328 881 928 227 260 317 864 30 917 421 431 601 741 500 959 433 984 775 174 811 297 459 388 762 981 301 961 645 823 263 349 65 835 659 960 897 571 767 881 433 298 114 386 809 757 935 23 325 379 847 386 171 308 724 746 7 736 169 825 963 468 57 369 621 704 495 128 5 300 711 166 819 242 585 931 786 510 11 453 918 639 603 675 250 507 334 567 485 89 153 964 847 745 295 456 405 151 752 829 755 282 557 354 760 11 788 841 52 865 413 447 883 155 571 552 645 815 27 734 426 516 887 944 264 660 711 767 273 719 276 525 592 517 783 706 981 881 310 552 248 58 67 893 956 309 532 773 42 730 862 610 432 299 109 876 983 21 467 294 654 719 856 522 885 427 239 753 93 549 264 340 940 671 324 244 769 461 160 573 955 245 541 560 566 796 432 950 815 748 592 915 894 321 885 14 78 29 979 339 699 344 494 293 263 246 464 892 292 52 344 916 77 743 422 626 215 384 904 783 390 89 58 513 867 310 982 651 687 21 408 421 523 98 266 14 451 633 274 771 859 848 670 286 756 739 773 920 595 900 724 568 74 601 814 644 434 700 959 815 193 369 400 353 344 820 434 579 560 918 228 799 796 808 962 831 216 757 561 659 220 615 902 749 396 892 82 669 168 253 900 983 147 25 581 251 477 564 289 456 869 723 919 194 658 671 432 628 60 824 672 981 597 775 707 813 495 289 223 624 81 502 342 906 795 885 104 371 126 931 196 142 797 748 132 898 868 408 678 737 395 574 976 317 616 114 469 332 657 334 378 327 944 829 112 14 6 648 674 852 600 864 716 184 949 567 955 379 577 195 411 95 480 386 426 586 308 45 272 243 908 128 200 594 987 671 506 279 558 843 695 898 124 28 839 83 292 688 49 311 415 384 972 512 53 314 958 213 131 830 83 421 82 820 258 9 236 22 263 619 437 963 218 707 327 966 347 825 586 613 365 518 348 667 705 669 197 336 200 238 868 460 350 209 359 522 536 490 662 391 486 533 87 621 408 714 877 775 255 34 593 778 274 228 805 830 503 195 402 558 99 700 382 918 699 9 541 892 727 191 172 768 44 202 567 61 324 266 856 483 117 646 309 616 383 216 894 551 498 340 233 388 170 30 944 903 432 314 332 598 149 621 124 288 847 217 734 515 782 839 861 229 593 399 508 588 89 176 573 971 240 923 759 115 580 374 84 720 464 538 359 576 71 702 863 427 533 511 149 600 845 933 588 585 165 575 337 781 884 512 21 429 576 121 156 687 685 977 15 677 48 111 306 943 86 507 163 944 211 67 488 769 674 806 177 415 118 534 749 581 386 878 230 527 711 846 476 663 309 429 728 342 709 115 85 278 527 123 703 152 606 472 65 586 555 864 899 900 377 173 646 507 743 971 648 868 164 701 619 280 619 166 838 567 264 221 7 819 59 209 753 388 539 649 644 403 631 407 33 397 949 761 632 602 938 980 980 979 873 641 150 264 662 7 427 731 174 215 969 198 746 847 250 5 947 961 960 41 733 682 838 537 942 880 518 874 801 411

969 997
937 906 168 381 152 272 666 425 893 677 791 461 48 204 928 564 89 941 333 905 739 788 493 658 282 315 313 916 601 680 661 341 784 892 74 915 794 130 147 867 863 450 478 882 936 109 754 683 264 662 587 291 11 832 499 238 862 179 778 760 466 443 790 752 608 861 76 541 12 667 50 584 479 727 202 183 159 667 764 229 389 903 331 725 145 295 530 185 427 183 713 964 418 482 464 537 137 558 339 332 69 259 950 69 465 382 787 131 643 265 673 237 69 839 145 664 739 826 687 106 503 287 407 211 840 413 296 363 114 336 8 58 284 376 160 78 251 33 653 760 687 652 711 157 56 51 85 604 800 525 428 466 932 131 84 29 899 798 19 514 350 400 568 676 113 947 880 473 430 507 144 627 940 555 624 84 20 499 312 298 50 164 931 450 786 883 748 560 398 401 275 135 240 864 775 278 219 522 51 541 521 695 135 782 29 376 504 358 571 933 902 20 147 803 918 267 855 484 831 549 744 596 833 416 27 906 487 400 412 26 139 24 20 471 393 758 676 290 667 435 577 605 708 156 329 712 928 939 395 151 513 766 477 614 822 727 920 27 875 966 314 905 740 369 473 673 631 823 694 536 165 142 345 873 496 179 773 162 368 638 786 905 541 20 724 961 220 668 709 363 468 969 681 714 666 240 5 686 622 598 783 947 832 577 591 96 276 233 456 780 851 148 705 452 100 778 497 481 609 247 567 616 701 730 892 62 463 811 945 446 115 506 782 161 872 827 951 112 626 271 180 647 370 933 25 231 534 767 432 888 295 954 719 828 752 17 289 195 86 152 242 417 770 15 311 732 934 782 289 251 729 33 777 493 399 588 909 845 218 146 821 480 938 736 697 26 60 380 407 348 521 37 29 330 845 769 357 851 383 663 469 482 629 731 682 248 927 790 143 723 665 130 702 204 748 825 396 201 431 331 661 18 904 577 437 956 130 783 811 407 685 924 223 588 29 178 651 813 79 165 459 18 802 691 755 272 157 872 838 178 467 32 943 357 300 680 274 857 529 234 433 906 175 717 749 612 412 398 172 268 253 181 830 750 744 385 855 401 657 334 819 882 618 484 931 391 802 29 444 232 673 474 416 42 826 827 28 711 774 879 121 813 150 20 801 261 101 361 135 218 559 865 565 294 289 247 733 371 213 852 730 632 855 759 855 141 449 551 640 296 906 791 908 774 280 287 466 623 883 180 287 366 351 7 531 261 686 598 873 512 620 603 584 919 554 302 7 709 296 8 353 223 832 833 402 440 325 231 242 37 46 137 105 525 214 435 444 587 437 916 878 138 122 210 29 438 888 141 638 880 64 297 966 399 16 626 613 820 938 26 130 601 782 369 767 641 607 53 806 322 263 196 171 390 213 537 780 593 941 530 8 822 830 192 93 77 847 846 416 541 500 694 636 717 524 635 231 204 842 298 689 252 822 22 825 165 257 613 921 585 307 960 312 691 251 520 384 178 767 346 909 848 920 733 463 25 104 450 384 463 960 604 728 960 394 926 204 513 833 700 106 886 676 59 44 622 922 949 808 472 872 100 267 37 55 69 742 227 806 455 674 582 563 282 217 575 801 120 683 280 858 77 404 923 157 558 30 70 33 868 694 879 607 737 658 899 576 382 212 105 279 905 607 903 150 711 260 899 200 24 118 556 73 174 159 436 205 439 593 704 277 459 186 232 811 504 686 796 660 575 677 250 638 840 200 262 41 860 813 25 111 366 629 613 678 520 99 64 371 515 108 592 668 574 147 261 17 437 712 133 91 510 419 778 189 327 264 167 450 315 266 519 552 211 742 604 329 337 257 93 139 159 275 381 26 591 99 494 187 801 578 393 365 125 588 229 214 107 718 399 692 65 772 404 263 678 673 347 54 532 572 660 395 483 205 217 640 111 194 689 634 280 369 369 344 659 319 428 396 729 321 219 123 310 24 208 334 632 129 390 456 29 399 280 176 743 562 411 146 345 467 693 218 716 552 54 580 413 685 254 246 392 452 98 8 127 320 256 481 303 474 434 715 322 340 202 419 94 636 232 519 602 275 253 353 338 406 385 26 606 480 668 51 324 118 442 627 80 203 275 73 447 667 125 255 523 411 700 384 271 591 498 539 575 499 126 646 535 424 387 35 208 484 267 533 364 527 236 487 273 30 505 451 382 425 571 257 650 434 192 659 186 646 205 386 53 378 46 561 63 211 575 458 61 14 505 586 400 314 247 270 562 567 257 431 356 624

976 992
10 688 877 813 384 655 730 613 622 528 80 398 609 489 412 790 7 705 193 533 306 439 347 51 508 300 718 942 377 627 958 216 438 431 605 830 405 273 387 491 351 409 662 607 212 246 913 206 179 46 745 452 927 113 596 775 855 626 903 966 355 919 114 415 546 415 917 817 162 300 231 437 412 745 857 618 596 892 426 763 970 178 134 851 789 936 526 16 87 289 538 365 440 618 14 35 788 882 17 123 62 503 109 736 273 58 901 259 859 498 111 582 438 262 637 669 427 424 661 316 534 380 664 98 954 224 174 209 857 969 94 925 722 818 267 543 274 509 705 496 570 785 402 427 687 434 900 567 800 238 755 365 412 764 28 662 427 711 230 272 584 43 4 787 432 946 299 494 394 945 923 577 806 667 685 840 517 134 282 775 196 541 693 337 166 581 611 625 857 610 474 68 679 310 404 685 106 648 917 695 793 924 497 9 411 715 459 66 77 954 877 318 54 269 240 401 712 40 208 822 393 490 636 340 582 776 281 965 98 920 718 402 719 811 87 714 140 896 408 789 764 819 801 654 844 464 615 246 687 938 258 552 617 332 938 26 838 497 431 637 151 937 429 404 755 626 376 708 206 706 921 223 304 434 677 678 943 615 495 657 267 888 62 739 210 168 900 280 280 440 283 221 737 214 686 311 628 855 60 391 410 159 725 774 810 850 938 440 197 836 917 630 613 885 905 230 810 379 890 405 47 92 325 687 106 755 906 816 849 53 973 92 906 617 773 395 687 562 812 456 229 564 245 124 322 257 100 140 559 324 235 954 750 6 370 300 761 275 159 296 291 660 804 729 361 337 901 462 655 791 818 833 884 623 577 750 906 328 124 165 574 227 244 435 956 894 297 323 634 809 356 932 908 70 873 329 115 947 406 221 325 231 137 161 831 353 769 179 810 476 746 972 663 834 440 20 411 470 76 182 793 132 490 277 775 801 577 250 895 778 624 412 325 142 196 662 486 624 180 132 529 684 12 656 105 773 246 199 408 538 645 404 879 918 693 159 458 595 76 788 121 537 498 389 716 589 173 331 203 297 637 221 623 1 361 850 705 248 488 941 456 790 622 400 330 706 634 691 889 721 297 924 24 434 257 32 359 524 302 598 921 637 913 766 716 490 969 691 811 164 355 57 541 575 900 310 496 613 215 554 312 933 833 65 627 133 889 717 394 469 297 404 237 712 65 106 92 549 841 578 823 931 129 812 337 581 411 662 920 323 729 122 717 669 242 513 412 140 219 878 836 248 131 956 197 358 316 127 358 792 114 372 754 89 200 518 647 598 379 555 378 48 309 779 854 298 875 843 334 566 811 538 682 898 869 198 396 245 468 129 619 190 743 750 87 776 418 259 231 821 385 424 489 183 293 781 228 472 151 224 684 586 536 524 254 423 948 164 430 588 593 914 407 370 814 428 914 556 293 340 203 372 630 404 12 65 847 647 689 107 180 336 591 168 945 540 193 796 234 256 26 94 334 476 376 138 25 668 124 76 66 268 663 193 516 516 452 259 724 812 219 223 961 605 207 346 936 790 316 587 255 478 128 188 492 100 529 884 513 368 790 804 49 122 764 666 711 766 476 453 864 625 372 307 9 264 193 202 623 862 522 728 615 256 592 327 606 827 27 246 476 880 916 23 395 698 691 108 369 736 909 217 152 653 87 90 499 418 144 32 420 86 484 70 379 436 359 412 677 481 959 881 334 6 636 637 302 499 23 135 152 692 435 442 372 477 282 1 93 636 518 712 227 151 428 319 431 452 361 517 722 172 241 408 496 595 38 228 806 667 808 655 974 274 336 772 897 307 859 417 183 247 614 666 791 888 224 203 335 67 255 3 819 930 952 856 481 110 682 189 17 878 262 308 376 693 237 917 414 808 440 908 415 323 454 38 363 282 735 823 117 828 802 387 53 67 542 76 42 917 332 529 319 669 783 114 818 384 104 520 287 161 663 199 815 668 56 9 752 815 343 648 124 580 869 11 509 232 677 436 216 885 677 632 350 300 304 416 784 836 622 696 297 751 767 31 4 838 868 770 298 96 339 439 434 199 413 193 759 857 694 786 426 180 141 830 797 104 472 149 600 342 263 237 37 429 631 713 538 535 146 392 378 146 757 284 354 365 298 225 182 751 751 646 149 393 107 441 208 211 489 584 618 777 311 664 240 190 690 89 656 194 803 801 478 402 765 272 587 302 531 80 248 379 497 471 660 640 306 788 165 727

986 994
195 293 243 958 868 298 215 753 480 728 109 970 508 349 480 553 604 554 860 507 712 794 610 494 892 875 87 685 417 673 466 70 596 49 721 976 328 8 799 191 679 363 942 245 949 720 264 62 905 491 119 661 661 171 133 892 647 152 214 240 44 479 581 166 40 120 920 376 911 39 961 299 109 230 238 545 244 438 699 394 211 43 116 502 130 884 673 235 23 19 344 57 654 388 11 685 695 878 854 78 166 430 317 126 245 797 400 44 573 9 443 95 816 124 181 527 898 80 809 331 194 433 231 528 268 327 329 584 349 242 728 126 71 487 181 556 200 17 522 440 973 568 648 543 192 919 573 374 409 142 43 793 296 980 789 107 528 691 502 606 883 842 719 484 173 578 236 315 283 254 761 962 94 238 705 240 561 429 733 91 189 199 328 545 302 855 514 579 234 500 770 472 672 490 707 722 864 78 470 213 278 586 856 487 757 938 924 484 747 51 421 329 929 952 564 630 389 131 147 562 561 552 804 700 452 913 825 558 496 465 410 676 667 456 778 81 553 130 462 209 587 220 298 243 871 807 261 21 925 843 729 425 564 263 761 754 529 393 807 885 291 44 511 866 712 572 780 404 829 388 652 809 61 574 189 255 899 758 209 500 514 289 63 513 614 529 856 676 730 496 570 334 266 319 482 511 555 368 181 717 596 563 177 820 128 328 435 705 527 381 594 615 530 656 700 717 273 817 3 404 322 441 200 481 54 530 573 105 604 657 748 118 333 541 607 9 580 573 593 214 123 674 71 426 830 394 242 594 13 498 185 326 518 29 275 340 815 217 402 216 84 129 210 586 802 32 359 304 251 189 441 718 422 262 374 204 289 591 474 233 618 98 336 542 668 315 481 695 492 501 370 312 434 477 472 577 159 648 58 693 559 238 671 4 169 199 344 330 391 440 764 23 735 46 411 374 356 706 386 107 199 396 73 437 474 452 32 554 636 609 160 163 140 380 286 430 670 491 417 475 23 504 509 601 213 605 311 141 322 283 187 407 570 37 303 392 138 387 617 246 585 458 420 396 358 561 568 54 706 456 463 151 344 633 380 132 334 223 504 41 421 640 148 577 632 114 623 504 7 220 288 149 172 681 473 338 626 405 543 326 185 173 465 635 364 305 354 398 448 308 533 208 596 487 20 623 94 655 23 352 100 349 280 638 204 245 648 363 358 471 453 233 530 108 426 33 281 85 57 208 82 549 615 442 158 58 168 115 78 237 347 172 272 315 229 570 111 284 366 292 504 593 549 25 314 270 34 432 471 307 597 475 304 223 30 41 485 580 445 259 118 524 174 475 437 68 415 185 118 585 133 220 211 503 351 565 423 513 65 498 52 64 309 540 435 340 13 201 9 145 196 353 425 306 296 327 36 227 211 257 254 209 489 95 355 270 115 4 425 377 523 518 48 177 426 536 286 433 43 494 149 442 456 388 157 453 17 329 3 350 222 419 449 92 485 400 251 498 409 491 7 268 312 25 114 75 230 245 459 97 398 37 151 399 344 250 473 182 163 484 324 126 64 199 109 449 101 7 122 85 40 38 271 270 219 154 71 147 386 62 416 127 330 134 29 397 170 372 433 438 398 113 44 107 168 281 100 117 284 453 378 253 390 230 197 308 196 329 367 443 311 192 136 422 335 400 11 257 385 435 208 214 312 106 411 319 384 134 405 20 36 51 36 340 128 7 382 338 8 126 286 294 157 94 378 18 245 30 378 37 92 175 211 117 222 140 262 23 383 143 46 309 271 262 336 349 285 104 287 146 154 29 1 56 12 149 121 328 279 302 233 45 58 98 41 364 194 239 116 12 216 222 141 120 157 67 51 34 162 188 19 335 258 271 85 179 271 190 143 70 169 3 42 152 71 99 29 152 43 201 47 153 128 52 273 297 302 272 253 9 20 24 31 319 92 133 11 145 168 259 48 266 194 10 216 103 286 193 150 41 49 178 249 260 131 176 231 166 187 74 257 241 264 12 236 101 49 264 153 123 167 129 16 77 79 244 99 35 40 249 214 69 89 74 21 37 224 213 4 30 20 254 172 164 117 161 44 177 23 31 150 127 117 153 117 68 214 80 57 18 19 216 212 60 42 137 69 114 192 42 159 141 206 89 89 217 223 73 140 126 117 222 148 156 133 24 161 180 3 196 31 67 142 134 202 65 2 59 96 164 109 188 189 84 115 70 134 155 40 168 155 51 124 172 187 82 36 135 82 173 23 113 96 129

990 992
327 859 190 344 723 319 459 980 862 193 934 868 682 859 299 620 436 842 184 142 809 842 931 466 306 552 974 611 541 551 188 647 366 8 950 772 943 134 954 763 964 456 664 243 673 477 296 222 93 275 541 288 760 961 239 263 56 437 94 314 793 888 453 421 92 415 725 317 213 294 449 637 52 224 560 436 113 429 98 258 477 377 563 634 292 295 262 375 260 916 428 177 519 7 15 403 15 553 722 62 675 406 216 399 230 29 908 653 643 140 13 87 666 321 376 157 709 700 758 508 593 396 418 119 41 695 236 57 199 165 706 262 600 261 176 468 129 548 127 622 753 121 214 768 338 397 35 660 478 741 332 165 665 157 552 435 528 334 500 824 273 227 697 488 499 481 603 85 340 456 833 86 61 430 334 29 633 14 830 366 328 263 667 88 396 787 438 473 422 825 163 220 487 306 327 164 677 388 434 539 730 66 811 260 438 353 83 175 116 433 25 687 682 727 186 49 13 353 297 624 419 17 644 98 26 303 383 129 623 430 552 199 498 268 97 698 322 270 738 133 474 333 764 161 501 130 224 295 691 106 87 321 324 638 606 372 499 582 38 178 174 1 575 365 388 559 225 392 38 62 127 390 195 170 503 432 66 697 100 734 676 116 245 448 614 365 446 725 513 510 529 462 487 185 652 45 269 443 44 443 598 252 540 649 579 463 135 503 234 324 76 129 432 217 25 5 624 39 195 673 532 665 569 381 619 635 600 530 408 100 684 204 136 158 589 410 319 324 111 499 577 452 133 262 333 521 575 370 511 656 158 47 28 31 133 133 36 195 87 599 15 434 628 146 198 196 62 182 561 600 569 253 275 213 501 171 409 295 454 247 523 415 106 2 107 447 385 600 443 621 239 121 296 452 374 397 181 12 313 91 215 212 478 594 420 319 36 565 30 327 603 78 128 212 580 307 265 535 105 363 361 477 234 66 288 190 588 371 265 289 457 237 173 152 21 219 127 211 150 339 350 74 373 231 501 276 319 126 115 345 241 245 7 487 156 326 193 419 374 511 494 100 64 278 276 359 318 41 364 461 156 88 496 371 258 165 149 69 13 66 5 329 209 341 507 269 349 483 47 46 83 213 201 250 482 62 310 108 211 345 272 378 221 405 80 353 169 64 300 76 391 181 61 89 54 326 218 391 105 306 96 239 155 417 356 88 239 410 44 166 30 126 391 99 473 314 378 44 320 279 146 255 182 449 449 131 312 350 90 399 306 396 61 178 32 109 352 409 389 406 190 162 61 398 207 147 63 5 402 28 190 88 166 172 241 30 283 317 52 363 289 92 195 250 145 62 111 310 193 386 176 107 195 394 148 274 251 398 274 311 116 319 20 283 152 225 308 30 106 232 330 218 343 121 63 142 118 369 342 13 90 256 2 268 148 303 36 175 110 98 23 169 267 99 344 227 262 316 334 284 212 193 278 308 234 346 358 275 48 144 34 118 155 65 272 329 89 335 136 142 74 284 98 325 14 293 113 123 37 316 63 187 307 322 236 307 94 316 182 300 230 191 155 100 93 49 287 10 93 208 256 269 309 157 218 105 59 165 300 306 59 68 101 155 265 158 285 132 65 65 229 146 60 75 162 128 163 204 168 285 207 278 6 201 15 278 287 234 200 126 216 43 229 241 220 175 106 158 267 266 183 110 76 160 120 14 159 249 72 128 146 230 60 116 58 211 242 170 54 147 80 148 126 31 18 230 106 204 54 237 55 200 41 44 8 150 203 236 160 172 141 109 30 203 75 212 160 102 183 22 60 21 180 82 70 61 102 140 55 42 53 195 43 131 2 181 100 28 33 111 198 167 200 184 94 134 198 161 20 176 83 14 131 115 48 135 124 111 172 34 59 127 182 147 34 118 157 88 30 149 28 27 27 151 77 95 125 64 69 165 156 52 52 89 8 134 100 115 131 57 29 94 66 112 95 103 109 25 98 29 81 59 48 10 20 135 83 122 117 70 61 7 117 2 15 24 29 84 46 105 17 70 6 54 93 54 82 94 28 13 14 21 43 87 107 108 61 106 78 15 50 39 65 8 20 17 88 68 97 66 84 61 90 62 9 14 74 37 64 80 79 16 80 2 39 54 38 69 66 58 13 18 19 15 67 31 52 61 36 23 15 35 40 20 33 26 6 42 53 32 52 38 48 36 42 35 35 41 37 32 32 27 41 29 23 36 32 24 3 14 2 7 1 10 22 28 20 26 23 18 2 1

990 990
895 854 21 122 226 609 701 459 809 229 841 220 54 782 99 671 147 317 511 420 724 589 342 252 551 729 635 608 891 20 178 927 602 796 376 822 859 948 76 743 608 18 253 933 966 182 491 964 222 855 318 640 146 178 19 393 697 257 607 184 691 251 482 290 203 659 54 248 829 371 404 690 825 710 270 658 147 884 894 6 575 111 476 572 695 696 2 715 505 974 763 356 288 792 954 203 316 759 15 581 768 548 744 869 416 422 904 307 840 879 60 757 116 93 749 311 915 91 20 525 289 794 695 834 530 329 56 608 529 963 767 420 389 135 625 751 816 461 671 351 582 232 190 867 375 847 329 678 17 320 586 864 493 965 231 552 421 496 986 830 364 421 734 123 437 985 725 707 560 920 155 647 248 889 725 754 711 178 591 873 530 661 511 477 913 675 438 520 814 906 481 750 465 822 489 365 486 186 484 676 298 663 158 435 931 66 407 750 904 37 23 172 117 153 827 201 27 738 710 639 513 306 15 926 725 449 362 963 891 879 653 879 147 588 436 478 109 556 556 764 643 792 701 804 253 842 173 905 883 491 23 914 147 715 116 636 513 116 665 624 649 11 731 523 167 249 63 865 903 183 732 928 359 219 240 268 177 137 520 650 259 390 137 320 394 905 93 74 825 126 212 947 787 365 980 156 912 571 973 946 824 578 416 473 21 967 46 418 883 228 334 103 299 789 573 2 27 888 415 386 346 785 916 167 626 300 348 4 404 857 720 760 140 891 161 602 319 245 763 866 512 980 770 873 356 151 557 196 83 504 693 845 117 704 693 681 66 2 604 515 723 269 261 657 356 42 329 374 792 935 944 595 838 930 542 209 586 554 677 147 949 903 896 54 63 205 14 219 83 896 177 354 65 547 141 704 589 240 529 503 986 682 183 158 44 220 109 589 47 578 236 212 87 658 148 84 557 101 735 374 675 251 662 330 32 698 248 770 528 825 791 841 113 220 352 711 11 240 64 407 228 474 696 667 11 734 344 645 206 215 236 68 184 832 810 300 230 698 848 795 958 880 304 147 473 307 681 596 254 441 566 367 621 741 154 646 358 148 624 385 885 64 778 634 90 7 98 915 712 331 76 700 886 887 225 86 287 63 635 164 601 708 301 245 85 554 465 984 616 873 81 875 480 680 326 341 924 134 112 794 74 473 744 394 268 873 377 13 439 41 537 684 882 215 108 204 934 701 698 827 855 439 452 120 517 288 131 965 309 322 127 439 208 537 51 228 919 789 168 315 594 390 462 137 967 433 719 927 116 139 78 738 20 244 330 450 348 490 364 129 78 104 296 551 363 377 907 741 940 532 859 562 372 655 592 615 870 164 881 210 88 400 41 51 483 794 516 961 975 548 123 479 469 987 344 817 296 112 939 871 328 483 838 851 657 379 82 677 543 78 455 891 330 123 743 474 843 508 754 495 752 919 814 63 379 89 844 424 175 711 197 932 3 828 344 325 391 472 253 458 864 88 681 178 317 848 939 342 725 666 230 605 44 601 162 307 61 360 553 226 802 254 26 122 888 776 202 550 871 46 262 626 416 430 143 25 234 502 665 792 367 190 559 651 233 818 417 88 318 481 448 529 468 460 261 461 415 355 489 575 893 891 168 128 35 581 53 68 113 204 33 484 259 738 460 362 411 149 538 492 777 229 814 133 289 731 864 65 6 343 444 731 381 774 529 217 417 183 353 20 427 737 715 89 763 103 641 564 686 840 284 822 313 260 622 577 501 447 294 530 525 514 104 282 416 66 133 697 642 749 781 476 240 30 267 779 8 97 235 209 464 536 668 4 806 370 464 513 165 387 331 500 69 39 236 225 11 191 478 154 282 693 189 19 777 720 616 785 348 352 268 209 295 779 72 342 275 425 191 89 126 746 203 63 74 441 737 217 254 746 524 394 291 710 432 650 454 291 25 149 225 506 750 694 296 500 659 206 94 294 94 269 530 453 31 139 115 33 131 724 276 614 488 508 144 651 448 238 373 584 626 435 129 73 513 613 250 652 649 431 364 103 99 68 588 3 114 85 159 388 472 99 267 206 237 510 90 470 599 32 344 268 387 496 415 53 220 438 486 446 10 543 680 582 103 132 365 346 580 435 62 423 138 555 129 556 314 215 628 102 168 154 50 22 580 528 433 499 132 156 28 401 34 450 646 455 381 438 71 182 538 538 318 209 227 521 168 152 21 491 142 624 389 290 94 17 561 59 233 377

1000 998
326 120 228 718 943 489 376 307 984 801 200 725 273 597 813 640 439 640 580 350 746 621 260 162 370 759 69 241 539 38 817 580 30 553 198 53 803 857 906 121 14 904 344 915 402 305 97 520 956 779 279 884 646 700 710 911 345 486 665 798 134 398 628 372 889 29 422 20 286 897 376 760 466 290 19 430 573 371 326 880 912 745 325 16 207 624 102 418 887 915 477 292 518 32 829 564 245 747 469 744 754 15 145 11 625 410 161 163 682 113 638 338 474 327 420 363 619 293 366 601 515 299 708 79 675 561 135 175 770 547 54 584 616 406 727 672 773 626 167 552 232 235 805 464 305 365 111 837 546 263 796 398 112 210 252 828 237 495 364 646 440 28 152 331 380 542 590 497 71 430 462 622 803 382 160 384 757 529 508 757 184 161 283 399 599 804 373 442 723 675 111 451 694 7 63 74 179 776 159 569 30 310 205 303 297 589 665 234 54 795 221 372 606 108 421 265 334 96 618 526 366 477 19 60 556 243 407 264 281 390 234 559 278 154 90 416 213 430 424 584 67 122 235 355 17 120 758 238 340 439 734 425 253 148 196 745 304 346 588 623 642 354 255 723 604 399 672 161 129 701 49 733 297 551 275 530 255 523 125 631 606 103 26 376 96 483 380 465 391 438 274 455 219 471 579 349 561 561 634 366 491 558 415 545 380 663 277 623 387 407 78 674 92 679 177 659 635 631 262 24 477 339 319 525 300 113 536 34 240 222 88 180 267 137 137 67 632 350 147 209 172 624 401 212 61 285 386 113 231 298 345 346 294 579 262 398 424 163 47 382 75 238 288 67 284 304 375 313 527 126 280 321 112 508 200 62 213 421 561 563 594 309 223 428 110 447 455 19 597 377 349 559 445 579 242 55 37 382 492 379 261 93 551 116 459 315 444 239 4 273 324 182 39 374 410 142 395 419 370 550 573 386 133 131 305 402 38 403 398 69 86 215 125 377 554 554 218 140 294 117 296 443 90 497 50 46 523 235 305 382 428 65 218 533 38 275 171 259 473 481 537 90 61 119 327 59 415 252 262 495 384 496 72 442 479 310 285 92 343 316 302 218 88 91 115 199 518 460 66 94 105 301 279 180 458 503 332 204 117 110 402 494 45 22 226 227 367 151 250 375 407 222 44 22 82 63 255 318 449 204 421 328 49 229 303 352 166 466 371 190 16 54 77 318 173 413 368 282 119 212 435 153 348 219 289 106 397 274 327 70 106 167 28 196 319 449 14 251 140 252 209 160 186 48 149 433 105 109 141 262 139 23 43 297 415 125 163 346 299 139 37 174 181 103 350 177 173 329 241 110 240 287 134 128 105 146 212 155 219 258 136 162 25 67 367 203 280 388 344 30 179 282 199 331 12 306 387 43 197 174 245 187 255 5 75 269 242 92 279 180 262 71 26 292 118 91 155 5 304 358 293 170 160 266 4 108 144 296 243 198 354 168 170 246 144 99 135 75 252 230 314 109 265 342 241 71 286 177 154 207 205 42 86 124 161 326 233 244 302 290 263 262 268 318 145 266 292 317 78 142 31 276 221 144 79 106 154 91 160 41 277 95 263 133 211 140 152 254 36 216 273 110 109 210 62 48 65 283 219 204 28 11 103 191 108 262 197 262 7 166 115 107 161 19 28 192 235 208 163 88 197 136 160 217 248 2 140 159 11 64 207 22 105 251 54 24 235 1 175 67 88 35 18 4 29 87 60 132 222 181 112 192 9 1 49 203 98 195 156 110 184 115 144 121 88 91 166 33 196 126 157 51 187 152 35 25 113 21 206 163 129 106 87 186 35 121 69 77 170 180 107 6 2 145 64 179 118 100 91 18 157 40 145 83 83 101 110 170 113 19 140 159 4 23 67 64 113 148 10 98 39 30 89 64 19 152 65 90 18 31 102 76 150 109 37 82 145 24 110 82 23 82 26 45 109 19 14 78 88 72 102 68 107 39 5 35 70 95 34 86 6 73 87 2 73 33 112 40 20 105 18 36 81 96 13 56 14 96 64 82 28 10 52 29 89 98 29 38 3 89 5 52 41 5 19 80 37 19 61 60 55 42 63 20 31 73 72 3 5 14 19 23 27 58 53 14 41 48 30 17 57 48 48 21 1 16 8 10 25 9 32 33 11 12 6 9 41 2 42 44 5 18 17 16 20 27 9 15 19 2 18 19 19 10 25 27 4 27 9 21 5 4 5 8 1 16 9 3 5 10 4 7 12 2 3 8 2 1

978 988
812 130 584 184 575 866 820 878 56 208 276 825 859 309 28 531 136 963 675 181 973 894 695 237 516 199 375 806 164 552 491 348 423 149 257 256 832 446 558 957 809 266 650 587 181 555 811 36 569 286 724 687 948 521 431 270 647 826 443 496 275 656 330 761 213 207 190 509 496 357 644 898 752 212 471 717 841 426 647 243 661 926 64 518 543 120 754 429 976 131 382 99 920 230 514 805 342 341 160 782 598 839 779 698 889 272 899 414 660 809 404 444 243 436 259 477 562 457 383 627 848 106 894 2 86 230 212 651 886 913 663 965 287 875 962 595 147 678 81 920 161 634 532 567 723 346 845 595 819 436 643 951 806 537 101 785 869 737 160 290 614 659 658 680 494 843 289 936 28 383 473 281 262 487 569 270 306 710 180 684 146 540 729 417 964 867 562 491 888 582 617 228 260 952 897 508 32 440 490 887 180 113 346 436 150 395 19 135 182 641 887 154 870 2 609 730 69 381 337 680 405 780 341 664 566 586 788 385 533 690 549 643 508 476 431 155 351 678 776 946 806 345 13 29 142 774 765 328 748 497 98 700 245 947 726 816 919 410 337 92 107 397 464 774 872 145 131 104 105 841 256 719 393 661 184 37 691 810 289 5 452 96 771 297 489 885 901 929 52 875 32 253 900 860 576 556 236 670 404 341 680 778 756 322 165 807 950 719 173 287 390 565 405 347 842 284 198 485 138 957 285 155 652 201 832 621 772 745 557 156 874 259 780 930 222 833 44 809 946 39 342 507 614 891 897 121 893 293 974 552 522 614 896 349 616 968 125 66 920 263 814 356 839 175 537 84 411 914 262 351 27 490 435 16 242 58 668 128 805 222 239 127 974 319 639 505 62 642 126 487 646 478 184 628 892 436 748 392 751 713 247 716 272 684 756 87 28 205 879 87 738 832 39 281 637 668 269 294 499 30 943 562 212 278 671 631 665 496 426 48 738 589 627 577 911 288 192 700 805 80 77 330 914 309 77 422 109 528 330 301 160 655 185 335 134 701 445 891 765 525 894 244 929 562 462 290 475 408 807 137 826 866 547 392 579 154 310 377 755 252 756 196 813 574 451 464 504 939 500 874 247 816 316 728 170 457 665 611 686 101 926 141 483 507 388 414 60 46 579 264 818 213 877 70 883 546 625 412 886 277 12 863 104 691 894 468 894 869 250 3 39 894 740 449 376 709 46 452 516 187 468 462 290 870 462 348 385 713 722 758 746 875 594 849 521 73 590 252 328 238 681 211 809 726 160 314 76 253 655 695 107 224 369 586 583 540 797 505 159 555 453 203 538 741 111 673 628 83 446 640 147 120 552 602 676 511 550 264 212 638 141 94 754 275 375 298 675 38 49 705 329 161 692 189 521 503 577 709 5 356 489 393 610 410 531 45 145 481 724 443 12 277 79 496 89 647 291 428 755 593 49 725 68 14 163 300 745 383 13 342 541 747 252 622 656 114 424 470 120 78 519 123 726 110 558 122 293 401 423 327 53 317 460 137 403 381 728 583 469 433 664 59 188 500 436 540 586 335 553 651 310 653 217 283 503 501 713 122 616 534 445 165 554 524 476 110 516 440 209 628 39 322 706 536 491 53 504 448 686 583 243 638 124 648 505 614 579 639 476 124 694 695 604 35 264 123 44 214 689 387 112 234 238 94 304 654 363 409 169 122 366 432 545 526 493 493 4 425 82 248 441 236 526 480 486 544 509 480 340 340 137 251 229 470 89 151 167 58 245 275 163 29 464 573 124 560 332 178 53 26 48 49 215 345 520 453 287 272 128 231 416 578 271 82 351 256 559 227 610 399 504 63 332 353 597 82 19 490 118 88 98 180 469 264 535 489 348 553 333 278 563 208 440 369 163 90 398 370 227 412 313 108 380 488 165 377 514 360 481 52 311 462 413 323 221 431 203 68 314 138 100 204 192 417 374 175 38 425 279 366 185 103 7 481 514 209 511 498 372 196 320 113 57 83 222 255 42 442 326 39 209 477 457 218 137 80 23 371 336 375 121 120 140 24 366 465 49 515 508 356 280 304 247 272 350 450 149 458 218 175 501 313 448 186 479 303 202 161 491 105 408 292 494 22 488 298 6 458 331 135 126 286 26 135 90 2 193 59 194 47 137 300 62 42 435 198 387 219 194 263 328 298 437 359 62 257 131 212 203 328 121 73 64 260 34 29 385 81 193 109 154 188 66 113 244 215 124 275
